 1001.0     84   28.8   22.8     70  17.81     80      1  301.9  354.7  305.1
 1000.0     93   29.0   23.0     70  18.05     80      1  302.1  355.8  305.4
  992.0    165   31.6   22.6     59  17.75     81      2  305.4  358.9  308.7
  986.0    220   31.6   21.6     55  16.78     81      3  306.0  356.6  309.1
  947.0    581   28.7   20.0     59  15.76     85     10  306.6  354.2  309.5
  925.0    792   27.0   19.0     62  15.19     70     11  306.9  352.9  309.7
  870.0   1329   22.1   17.4     75  14.59     55     11  307.2  351.4  309.9
  850.0   1533   20.2   16.8     81  14.37     55     12  307.3  350.9  309.9
  831.0   1728   18.2   16.8     92  14.70     67     16  307.2  351.7  309.9
  803.0   2022   17.6    9.6     59   9.43     85     22  309.6  338.7  311.3
  767.0   2413   14.8    9.8     72  10.01     83     21  310.6  341.6  312.5
  717.0   2982   12.4   -3.6     33   4.11     80     19  314.0  327.4  314.8
  712.0   3040   11.9   -4.4     32   3.91     80     19  314.1  326.9  314.9
  700.0   3182   10.8   -6.2     30   3.45     85     18  314.4  325.8  315.1
  653.0   3755    6.9   -4.7     44   4.16    120     17  316.3  329.9  317.1
  616.0   4235    3.6   -3.4     60   4.86     65     16  317.8  333.7  318.8
  598.0   4475    3.0  -12.0     32   2.55     75     13  319.8  328.5  320.3
  570.0   4864    2.0  -26.0     10   0.81     71     16  323.1  326.1  323.2
  565.0   4935    1.6  -23.4     14   1.03     70     17  323.4  327.1  323.6
  552.0   5122    0.4  -16.6     27   1.90     85     18  324.2  330.9  324.5
  524.0   5537   -1.8  -25.1     15   0.96     65     22  326.4  330.0  326.6
  500.0   5910   -3.7  -32.7      8   0.49     95     26  328.5  330.4  328.6
  499.0   5926   -3.8  -32.3      9   0.51     95     26  328.5  330.5  328.6
  488.0   6101   -4.9  -27.9     15   0.79     93     29  329.3  332.3  329.4
  470.0   6390   -7.0  -30.8     13   0.63     90     34  330.2  332.6  330.3
  438.0   6932  -11.1  -36.3     11   0.39     75     31  331.8  333.3  331.8
  400.0   7630  -16.3  -43.3      8   0.21     75     30  333.7  334.6  333.8
  392.0   7782  -17.3  -42.3      9   0.24     75     28  334.3  335.3  334.4
  376.0   8093  -18.9  -56.9      2   0.05     75     23  336.2  336.4  336.2
  347.0   8687  -22.3  -57.8      2   0.05    120     29  339.4  339.6  339.4
  342.0   8794  -22.9  -57.9      3   0.04    120     28  340.0  340.2  340.0
  300.0   9740  -31.1  -58.1      5   0.05    115     23  341.4  341.7  341.4
  291.0   9951  -32.8  -57.9      6   0.05    110     23  342.0  342.3  342.1
  254.0  10890  -40.2  -57.2     15   0.07    180     15  344.6  344.9  344.6
  250.0  11000  -41.1  -57.1     16   0.07    185     17  344.8  345.1  344.8
  218.0  11911  -49.5  -59.0     32   0.06    210     18  345.6  345.8  345.6
  216.0  11972  -50.1  -59.1     34   0.06    215     17  345.6  345.9  345.6
  208.0  12216  -51.8  -60.8     33   0.05    235     11  346.7  347.0  346.7
  202.0  12406  -53.1  -62.1     33   0.04    265      8  347.6  347.8  347.6
  200.0  12470  -53.5  -62.5     32   0.04    285      9  347.9  348.1  347.9
  198.0  12534  -53.9  -63.5     30   0.04    300     11  348.2  348.4  348.2
  190.0  12799  -55.7  -67.7     21   0.02    295     13  349.5  349.6  349.5
  182.0  13072  -57.9  -66.0     35   0.03    290     16  350.2  350.3  350.2
  180.0  13142  -58.5  -65.5     40   0.03    295     16  350.4  350.5  350.4
  163.0  13758  -62.5  -73.5     22   0.01    340     13  353.8  353.8  353.8
  155.0  14070  -64.5  -77.5     15   0.01    352     17  355.4  355.5  355.4
  150.0  14270  -65.9  -78.9     15   0.01      0     19  356.4  356.4  356.4
  146.0  14433  -67.0  -79.6     16   0.00      0     24  357.1  357.2  357.1
  134.0  14948  -70.7  -81.7     18   0.00    339     22  359.5  359.5  359.5
  124.0  15406  -73.0  -82.5     23   0.00    320     20  363.4  363.4  363.4
  121.0  15550  -73.7  -82.7     24   0.00    325     18  364.7  364.7  364.7
  117.0  15748  -72.7  -82.1     23   0.00    335     13  370.1  370.1  370.1
  115.0  15850  -72.2  -81.8     23   0.00    320     10  372.9  372.9  372.9
  114.0  15901  -71.9  -81.6     22   0.00    290      9  374.3  374.3  374.3
  113.0  15953  -71.6  -81.4     22   0.00    265     12  375.7  375.7  375.7
  111.0  16058  -71.1  -81.1     22   0.01    240     19  378.6  378.7  378.6
  107.0  16274  -72.8  -82.8     21   0.00    230     23  379.4  379.4  379.4
  101.0  16612  -75.5  -85.5     20   0.00    220     17  380.5  380.5  380.5
  100.0  16670  -75.5  -85.5     20   0.00    215     15  381.6  381.6  381.6
   99.0  16729  -75.3  -85.4     19   0.00    210     13  383.2  383.2  383.2
   96.0  16908  -74.5  -85.2     18   0.00    230     14  388.0  388.0  388.0
   94.0  17031  -74.0  -85.1     17   0.00    195     10  391.3  391.3  391.3
   89.0  17351  -72.7  -84.7     15   0.00    270      2  400.1  400.1  400.1
   81.0  17901  -70.5  -84.1     12   0.00    325     10  415.6  415.6  415.6
   79.0  18047  -69.9  -83.9     11   0.00    312     11  419.8  419.8  419.8
   78.0  18122  -70.1  -84.3     11   0.00    305     12  420.9  421.0  420.9
   75.0  18353  -70.6  -85.5     10   0.00    305     13  424.6  424.6  424.6
   70.0  18760  -71.5  -87.5      8   0.00    310      5  431.1  431.1  431.1
   66.6  19054  -72.7  -89.7      6   0.00     17      9  434.7  434.7  434.7
   65.0  19198  -71.8  -89.3      6   0.00     50     11  439.7  439.7  439.7
   62.0  19478  -70.0  -88.6      5   0.00     55     12  449.6  449.6  449.6
   60.8  19594  -69.3  -88.3      5   0.00     36     14  453.7  453.7  453.7
   58.6  19817  -63.1  -85.1      4   0.00      0     17  472.4  472.5  472.4
   58.0  19880  -63.4  -85.8      3   0.00    350     18  473.1  473.1  473.1
   54.3  20284  -65.5  -90.5      2   0.00    327     26  477.3  477.3  477.3
   54.0  20318  -65.3  -90.5      2   0.00    325     27  478.6  478.6  478.6
   52.0  20549  -63.8  -90.9      1   0.00    335     22  487.2  487.2  487.2
   50.0  20790  -62.3  -91.3      1   0.00    320     27  496.2  496.3  496.2
   49.9  20802  -62.3  -91.3      1   0.00    319     27  496.5  496.5  496.5
   45.3  21396  -64.9  -94.9      1   0.00    281     28  504.1  504.2  504.1
   43.0  21716  -64.2  -94.4      1   0.00    260     29  513.4  513.4  513.4
   40.0  22161  -63.3  -93.7      1   0.00    235     12  526.5  526.5  526.5
   39.0  22317  -63.0  -93.4      1   0.00    220     16  531.1  531.1  531.1
   38.0  22477  -62.6  -93.2      1   0.00    215     20  535.9  535.9  535.9
   34.0  23162  -61.2  -92.1      1   0.00    220     10  557.0  557.0  557.0
   33.3  23290  -60.9  -91.9      1   0.00    213      7  561.1  561.1  561.1
   33.0  23346  -61.0  -91.9      1   0.00    210      6  562.1  562.1  562.1
   32.0  23537  -61.5  -91.7      1   0.00    185     14  565.8  565.8  565.8
   31.7  23595  -61.7  -91.7      1   0.00                566.9  566.9  566.9